Main.Studies.MarkerTracking.t,Main.Studies.MarkerTracking.JointAngleOutputs.OutputFile_RightArm.ThoraxClavicula[0],Main.Studies.MarkerTracking.JointAngleOutputs.OutputFile_RightArm.ThoraxClavicula[1],Main.Studies.MarkerTracking.JointAngleOutputs.OutputFile_RightArm.ThoraxClavicula[2],Main.Studies.MarkerTracking.JointAngleOutputs.OutputFile_RightArm.ClaviculaScapula[0],Main.Studies.MarkerTracking.JointAngleOutputs.OutputFile_RightArm.ClaviculaScapula[1],Main.Studies.MarkerTracking.JointAngleOutputs.OutputFile_RightArm.ClaviculaScapula[2],Main.Studies.MarkerTracking.JointAngleOutputs.OutputFile_RightArm.ScapulaHumerus[0],Main.Studies.MarkerTracking.JointAngleOutputs.OutputFile_RightArm.ScapulaHumerus[1],Main.Studies.MarkerTracking.JointAngleOutputs.OutputFile_RightArm.ScapulaHumerus[2],Main.Studies.MarkerTracking.JointAngleOutputs.OutputFile_RightArm.HumerusUlna,Main.Studies.MarkerTracking.JointAngleOutputs.OutputFile_RightArm.UlnaRadius,Main.Studies.MarkerTracking.JointAngleOutputs.OutputFile_RightArm.RadiusWrist,Main.Studies.MarkerTracking.JointAngleOutputs.OutputFile_RightArm.WristHand
  6.000000000000000e-01,  1.069591865599598e-03, -3.957906984333552e-01,  2.063557163664906e-01,  9.255042466991900e-02,  8.034621363630720e-01,  1.077573071875325e-01, -1.789372847591053e-01,  4.830182606377815e-01,  5.204056210401966e-01,  1.047197556609303e+00, -2.579559858432947e-04,  8.881784197001252e-16,  2.918343899871445e-10
  6.100000000000000e-01,  1.069591865600493e-03, -3.957906984333557e-01,  2.063557163664796e-01,  9.255042466991216e-02,  8.034621363630730e-01,  1.077573071875342e-01, -1.789372857317369e-01,  4.830182641818904e-01,  5.204056207917012e-01,  1.047197556609340e+00, -2.579559843462179e-04, -8.437694987151190e-15,  5.986197648688573e-10
  6.200000000000000e-01,  1.069591865597919e-03, -3.957906984333560e-01,  2.063557163664767e-01,  9.255042466991067e-02,  8.034621363630747e-01,  1.077573071875309e-01, -1.789372816194596e-01,  4.830182491986778e-01,  5.204056218423144e-01,  1.047197556609346e+00, -2.579559908697710e-04, -1.199040866595169e-14,  8.773041737519804e-10
  6.300000000000000e-01,  1.069591865610122e-03, -3.957906984333557e-01,  2.063557163665399e-01,  9.255042466994384e-02,  8.034621363630811e-01,  1.077573071875323e-01, -1.789372832289599e-01,  4.830182550621012e-01,  5.204056214310815e-01,  1.047197556609150e+00, -2.579559824546462e-04,  5.651035195342047e-14,  1.114251191314253e-09
  6.400000000000000e-01,  1.069591858558949e-03, -3.957906984340517e-01,  2.063557163628278e-01,  9.255042466493361e-02,  8.034621363662240e-01,  1.077573071951718e-01, -1.789372850482925e-01,  4.830182617011244e-01,  5.204056209780040e-01,  1.047197556610151e+00, -2.579559972583049e-04,  1.610933608731102e-13,  7.874887186787305e-09
  6.500000000000000e-01,  1.069591865609674e-03, -3.957906984333555e-01,  2.063557163665246e-01,  9.255042466993568e-02,  8.034621363630803e-01,  1.077573071875353e-01, -1.789372870864729e-01,  4.830182691173295e-01,  5.204056204455761e-01,  1.047197556609190e+00, -2.579559909157951e-04,  4.163336342344337e-14,  3.343351706597275e-09
  6.599999999999999e-01,  1.069591865607883e-03, -3.957906984333563e-01,  2.063557163665178e-01,  9.255042466992948e-02,  8.034621363630765e-01,  1.077573071875308e-01, -1.789372847160822e-01,  4.830182604811851e-01,  5.204056210511053e-01,  1.047197556609214e+00, -2.579559823463589e-04,  3.330669073875469e-14,  3.439602658250606e-09
  6.699999999999999e-01,  1.069591865603180e-03, -3.957906984333563e-01,  2.063557163665073e-01,  9.255042466992770e-02,  8.034621363630753e-01,  1.077573071875329e-01, -1.789372857591399e-01,  4.830182642813733e-01,  5.204056207846934e-01,  1.047197556609245e+00, -2.579559899084819e-04,  2.198241588757810e-14,  3.498482781250090e-09
  6.799999999999999e-01,  1.069591865604748e-03, -3.957906984333565e-01,  2.063557163664969e-01,  9.255042466991925e-02,  8.034621363630736e-01,  1.077573071875326e-01, -1.789372840846260e-01,  4.830182581803575e-01,  5.204056212125017e-01,  1.047197556609282e+00, -2.579559965393507e-04,  8.104628079763643e-15,  3.527543812609224e-09
  6.899999999999999e-01,  1.069591865600829e-03, -3.957906984333545e-01,  2.063557163664749e-01,  9.255042466990805e-02,  8.034621363630760e-01,  1.077573071875312e-01, -1.789372840737629e-01,  4.830182581412337e-01,  5.204056212152627e-01,  1.047197556609340e+00, -2.579559852142928e-04, -2.109423746787797e-15,  3.534330994536815e-09
  7.000000000000000e-01,  1.069591865609226e-03, -3.957906984333558e-01,  2.063557163665257e-01,  9.255042466993268e-02,  8.034621363630747e-01,  1.077573071875291e-01, -1.789372897007160e-01,  4.830182786416630e-01,  5.204056197779117e-01,  1.047197556609187e+00, -2.579559828939856e-04,  5.095923683029469e-14,  3.526026304268015e-09
  7.100000000000000e-01,  1.069591865603068e-03, -3.957906984333542e-01,  2.063557163664785e-01,  9.255042466990976e-02,  8.034621363630750e-01,  1.077573071875337e-01, -1.789372886248423e-01,  4.830182747231062e-01,  5.204056200525550e-01,  1.047197556609345e+00, -2.579559849722356e-04, -1.654232306691484e-14,  3.509076196284155e-09
  7.200000000000000e-01,  1.069591865600605e-03, -3.957906984333556e-01,  2.063557163664791e-01,  9.255042466990954e-02,  8.034621363630750e-01,  1.077573071875298e-01, -1.789372886229595e-01,  4.830182747160345e-01,  5.204056200531023e-01,  1.047197556609343e+00, -2.579559827636301e-04, -1.587618925213974e-14,  3.488487332337087e-09
  7.300000000000000e-01,  1.069591865596463e-03, -3.957906984333549e-01,  2.063557163664799e-01,  9.255042466991460e-02,  8.034621363630730e-01,  1.077573071875329e-01, -1.789372869688202e-01,  4.830182686891130e-01,  5.204056204756919e-01,  1.047197556609337e+00, -2.579559905669219e-04, -1.298960938811433e-14,  3.468109716076029e-09
  7.400000000000000e-01,  1.069591865597806e-03, -3.957906984333553e-01,  2.063557163664830e-01,  9.255042466991519e-02,  8.034621363630737e-01,  1.077573071875330e-01, -1.789372869676483e-01,  4.830182686847733e-01,  5.204056204759930e-01,  1.047197556609329e+00, -2.579559915105010e-04, -1.088018564132654e-14,  3.450739916033285e-09
  7.500000000000000e-01,  1.069591865618631e-03, -3.957906984333578e-01,  2.063557163665586e-01,  9.255042466994608e-02,  8.034621363630738e-01,  1.077573071875319e-01, -1.789372869668243e-01,  4.830182686804200e-01,  5.204056204762094e-01,  1.047197556609107e+00, -2.579559809714073e-04,  7.160938508832258e-14,  3.438175799619358e-09
  7.600000000000000e-01,  1.069591865617175e-03, -3.957906984333575e-01,  2.063557163665491e-01,  9.255042466994251e-02,  8.034621363630761e-01,  1.077573071875317e-01, -1.789372886206116e-01,  4.830182747061698e-01,  5.204056200537136e-01,  1.047197556609140e+00, -2.579559991125965e-04,  5.806466418789570e-14,  3.431149142585355e-09
  7.700000000000000e-01,  1.069591867088868e-03, -3.957906984333758e-01,  2.063557163668779e-01,  9.255042467448887e-02,  8.034621363677132e-01,  1.077573071927459e-01, -1.789372886256176e-01,  4.830182747108686e-01,  5.204056200494231e-01,  1.047197556609108e+00, -2.579559785976366e-04,  3.819167204710538e-14,  3.429317385617025e-09
  7.800000000000000e-01,  1.069591866878065e-03, -3.957906984333177e-01,  2.063557163668643e-01,  9.255042467381924e-02,  8.034621363665402e-01,  1.077573071922769e-01, -1.789372846377320e-01,  4.830182601805523e-01,  5.204056210678168e-01,  1.047197556609001e+00, -2.579559841267564e-04,  1.216804434989172e-13,  3.431245287899287e-09
  7.900000000000000e-01,  1.069591865609674e-03, -3.957906984333589e-01,  2.063557163665236e-01,  9.255042466993151e-02,  8.034621363630764e-01,  1.077573071875305e-01, -1.789372886187273e-01,  4.830182746996233e-01,  5.204056200544549e-01,  1.047197556609226e+00, -2.579559827284873e-04,  2.442490654175344e-14,  3.435762618853033e-09
  7.999999999999999e-01,  1.069591865608107e-03, -3.957906984333586e-01,  2.063557163665160e-01,  9.255042466992948e-02,  8.034621363630752e-01,  1.077573071875339e-01, -1.789372856969094e-01,  4.830182640540279e-01,  5.204056208006766e-01,  1.047197556609252e+00, -2.579559848810755e-04,  1.398881011027697e-14,  3.441822604699497e-09
  8.100000000000001e-01,  1.069591865603405e-03, -3.957906984333585e-01,  2.063557163665090e-01,  9.255042466993069e-02,  8.034621363630778e-01,  1.077573071875354e-01, -1.789372886104736e-01,  4.830182746697442e-01,  5.204056200563424e-01,  1.047197556609276e+00, -2.579559803488318e-04,  3.996802888650564e-15,  3.448127450234040e-09
  8.200000000000001e-01,  1.069591865608330e-03, -3.957906984333580e-01,  2.063557163665058e-01,  9.255042466992734e-02,  8.034621363630804e-01,  1.077573071875378e-01, -1.789372829678663e-01,  4.830182541105809e-01,  5.204056214976971e-01,  1.047197556609289e+00, -2.579559808457152e-04, -2.886579864025407e-15,  3.453517305462840e-09
  8.300000000000000e-01,  1.069591865605868e-03, -3.957906984333583e-01,  2.063557163665060e-01,  9.255042466992704e-02,  8.034621363630776e-01,  1.077573071875368e-01, -1.789372852988454e-01,  4.830182626039556e-01,  5.204056209025935e-01,  1.047197556609289e+00, -2.579559876378075e-04, -6.772360450213456e-15,  3.457000352646844e-09
  8.400000000000000e-01,  1.069591865610457e-03, -3.957906984333576e-01,  2.063557163665109e-01,  9.255042466992899e-02,  8.034621363630802e-01,  1.077573071875387e-01, -1.789372783861667e-01,  4.830182374168454e-01,  5.204056226680077e-01,  1.047197556609274e+00, -2.579559914401044e-04, -2.886579864025407e-15,  3.457880148882707e-09
  8.500000000000001e-01,  1.069591865607659e-03, -3.957906984333580e-01,  2.063557163665188e-01,  9.255042466993642e-02,  8.034621363630783e-01,  1.077573071875388e-01, -1.789372863513950e-01,  4.830182664385117e-01,  5.204056206334843e-01,  1.047197556609247e+00, -2.579559831782917e-04,  4.440892098500626e-15,  3.455683128539278e-09
  8.600000000000000e-01,  1.069591865605308e-03, -3.957906984333595e-01,  2.063557163665272e-01,  9.255042466994222e-02,  8.034621363630758e-01,  1.077573071875390e-01, -1.789372879908780e-01,  4.830182724118939e-01,  5.204056202146319e-01,  1.047197556609218e+00, -2.579559863616218e-04,  1.310063169057685e-14,  3.450027652451838e-09
  8.700000000000000e-01,  1.069591865609114e-03, -3.957906984333597e-01,  2.063557163665350e-01,  9.255042466994624e-02,  8.034621363630799e-01,  1.077573071875377e-01, -1.789372839935650e-01,  4.830182578474828e-01,  5.204056212358373e-01,  1.047197556609194e+00, -2.579559916316405e-04,  1.798561299892754e-14,  3.440817686328757e-09
  8.800000000000000e-01,  1.069591865610906e-03, -3.957906984333596e-01,  2.063557163665385e-01,  9.255042466994549e-02,  8.034621363630781e-01,  1.077573071875369e-01, -1.789372867054850e-01,  4.830182677282754e-01,  5.204056205433711e-01,  1.047197556609182e+00, -2.579559891142455e-04,  1.665334536937735e-14,  3.428472172828379e-09
  8.899999999999999e-01,  1.069591865612137e-03, -3.957906984333587e-01,  2.063557163665374e-01,  9.255042466994304e-02,  8.034621363630765e-01,  1.077573071875375e-01, -1.789372850447375e-01,  4.830182616773443e-01,  5.204056209676368e-01,  1.047197556609186e+00, -2.579559900209051e-04,  9.325873406851315e-15,  3.413946902952603e-09
  9.000000000000000e-01,  1.069591865603628e-03, -3.957906984333563e-01,  2.063557163664989e-01,  9.255042466992094e-02,  8.034621363630742e-01,  1.077573071875321e-01, -1.789372810515643e-01,  4.830182471291263e-01,  5.204056219873391e-01,  1.047197556609284e+00, -2.579559942120482e-04,  3.885780586188049e-15,  3.398477055327476e-09
  9.099999999999999e-01,  1.069591865604076e-03, -3.957906984333570e-01,  2.063557163664997e-01,  9.255042466992143e-02,  8.034621363630747e-01,  1.077573071875326e-01, -1.789372810465570e-01,  4.830182471108881e-01,  5.204056219886773e-01,  1.047197556609281e+00, -2.579559901693595e-04,  6.550315845288425e-15,  3.383403557322140e-09
  9.199999999999999e-01,  1.069591865603852e-03, -3.957906984333559e-01,  2.063557163664998e-01,  9.255042466992165e-02,  8.034621363630734e-01,  1.077573071875328e-01, -1.789372826936191e-01,  4.830182531120153e-01,  5.204056215678383e-01,  1.047197556609278e+00, -2.579559989469872e-04,  1.110223024625157e-14,  3.369929557628382e-09
  9.299999999999999e-01,  1.069591865602173e-03, -3.957906984333562e-01,  2.063557163665000e-01,  9.255042466992222e-02,  8.034621363630732e-01,  1.077573071875329e-01, -1.789372883276487e-01,  4.830182736397235e-01,  5.204056201285381e-01,  1.047197556609275e+00, -2.579559872713906e-04,  1.487698852997709e-14,  3.359077627163030e-09
  9.399999999999999e-01,  1.069591865607658e-03, -3.957906984333548e-01,  2.063557163665012e-01,  9.255042466991824e-02,  8.034621363630728e-01,  1.077573071875316e-01, -1.789372870608289e-01,  4.830182690240652e-01,  5.204056204521716e-01,  1.047197556609273e+00, -2.579559871651852e-04,  2.042810365310288e-14,  3.351609878521344e-09
  9.500000000000000e-01,  1.069591865602957e-03, -3.957906984333560e-01,  2.063557163665003e-01,  9.255042466992226e-02,  8.034621363630740e-01,  1.077573071875319e-01, -1.789372830771372e-01,  4.830182545095481e-01,  5.204056214698607e-01,  1.047197556609272e+00, -2.579559874343905e-04,  2.431388423929092e-14,  3.348004040670816e-09
  9.600000000000000e-01,  1.069591865601725e-03, -3.957906984333563e-01,  2.063557163664990e-01,  9.255042466992108e-02,  8.034621363630738e-01,  1.077573071875323e-01, -1.789372830794310e-01,  4.830182545179177e-01,  5.204056214692978e-01,  1.047197556609274e+00, -2.579559879428773e-04,  2.553512956637860e-14,  3.348512134238034e-09
  9.700000000000000e-01,  1.069591865603293e-03, -3.957906984333562e-01,  2.063557163664973e-01,  9.255042466991982e-02,  8.034621363630754e-01,  1.077573071875311e-01, -1.789372854190125e-01,  4.830182630420824e-01,  5.204056208716075e-01,  1.047197556609281e+00, -2.579559778928948e-04,  2.153832667772804e-14,  3.353297695074531e-09
  9.800000000000000e-01,  1.069591865594335e-03, -3.957906984333535e-01,  2.063557163664503e-01,  9.255042466989827e-02,  8.034621363630727e-01,  1.077573071875340e-01, -1.789372854247488e-01,  4.830182630639205e-01,  5.204056208701360e-01,  1.047197556609420e+00, -2.579559902050575e-04, -4.529709940470639e-14,  3.362489398028856e-09
  9.900000000000000e-01,  1.069591865607658e-03, -3.957906984333540e-01,  2.063557163664950e-01,  9.255042466991406e-02,  8.034621363630755e-01,  1.077573071875314e-01, -1.789372827131558e-01,  4.830182531833886e-01,  5.204056215628794e-01,  1.047197556609284e+00, -2.579559932249989e-04,  3.075317778211683e-14,  3.375977497555027e-09
  1.000000000000000e+00,  1.069591865599150e-03, -3.957906984333549e-01,  2.063557163664798e-01,  9.255042466991131e-02,  8.034621363630747e-01,  1.077573071875293e-01, -1.789372843715213e-01,  4.830182592257942e-01,  5.204056211392377e-01,  1.047197556609341e+00, -2.579559890325789e-04, -3.164135620181696e-14,  3.393091474457321e-09
  1.010000000000000e+00,  1.069591865598926e-03, -3.957906984333572e-01,  2.063557163664810e-01,  9.255042466991216e-02,  8.034621363630755e-01,  1.077573071875307e-01, -1.789372814647376e-01,  4.830182486347669e-01,  5.204056218818661e-01,  1.047197556609349e+00, -2.579559928402056e-04, -4.174438572590589e-14,  3.411447069279205e-09
  1.020000000000000e+00,  1.069591865606987e-03, -3.957906984333583e-01,  2.063557163665076e-01,  9.255042466993071e-02,  8.034621363630811e-01,  1.077573071875389e-01, -1.789372854649550e-01,  4.830182632089506e-01,  5.204056208599462e-01,  1.047197556609283e+00, -2.579559899996974e-04, -1.032507412901396e-14,  3.425894179454048e-09
  1.030000000000000e+00,  1.069591865599934e-03, -3.957906984333555e-01,  2.063557163664891e-01,  9.255042466991689e-02,  8.034621363630753e-01,  1.077573071875304e-01, -1.789372868866918e-01,  4.830182683897969e-01,  5.204056204966592e-01,  1.047197556609306e+00, -2.579559986378647e-04, -4.551914400963142e-15,  3.427796213539835e-09
  1.040000000000000e+00,  1.069591865604972e-03, -3.957906984333551e-01,  2.063557163664931e-01,  9.255042466991638e-02,  8.034621363630745e-01,  1.077573071875319e-01, -1.789372869056090e-01,  4.830182684586108e-01,  5.204056204918385e-01,  1.047197556609297e+00, -2.579559802216962e-04,  6.661338147750938e-16,  3.401295300964335e-09
  1.050000000000000e+00,  1.069591865599598e-03, -3.957906984333550e-01,  2.063557163664908e-01,  9.255042466991870e-02,  8.034621363630731e-01,  1.077573071875328e-01, -1.789372885698422e-01,  4.830182745223712e-01,  5.204056200666568e-01,  1.047197556609303e+00, -2.579559877208064e-04,  1.110223024625157e-16,  3.345041854618812e-09
  1.060000000000000e+00,  1.069591865599822e-03, -3.957906984333563e-01,  2.063557163664906e-01,  9.255042466991713e-02,  8.034621363630725e-01,  1.077573071875319e-01, -1.789372881112513e-01,  4.830182728514624e-01,  5.204056201838206e-01,  1.047197556609304e+00, -2.579559793645027e-04, -1.332267629550188e-15,  3.280480220801962e-09
  1.070000000000000e+00,  1.069591865602509e-03, -3.957906984333555e-01,  2.063557163664910e-01,  9.255042466991627e-02,  8.034621363630747e-01,  1.077573071875326e-01, -1.789372808411070e-01,  4.830182463624582e-01,  5.204056220411531e-01,  1.047197556609305e+00, -2.579559986247068e-04, -5.995204332975843e-15,  3.213255328482489e-09
  1.080000000000000e+00,  1.069591863892485e-03, -3.957906984341154e-01,  2.063557163651684e-01,  9.255042466802639e-02,  8.034621363632206e-01,  1.077573071879576e-01, -1.789372861748430e-01,  4.830182658037057e-01,  5.204056206801938e-01,  1.047197556608691e+00, -2.579559894391351e-04, -1.454392162258955e-14,  4.043312018531253e-09
  1.090000000000000e+00,  1.069591862279362e-03, -3.957906984323110e-01,  2.063557163662127e-01,  9.255042466361646e-02,  8.034621363609455e-01,  1.077573071820251e-01, -1.789372852500226e-01,  4.830182624496822e-01,  5.204056209199320e-01,  1.047197556608424e+00, -2.579559918464386e-04,  1.588063014423824e-12,  4.586102664294598e-09
  1.100000000000000e+00,  1.069591865602061e-03, -3.957906984333546e-01,  2.063557163664904e-01,  9.255042466991639e-02,  8.034621363630738e-01,  1.077573071875329e-01, -1.789372875953652e-01,  4.830182709718133e-01,  5.204056203156404e-01,  1.047197556609305e+00, -2.579559822311597e-04, -1.032507412901396e-14,  5.544688319591984e-09
  1.110000000000000e+00,  1.069591865601725e-03, -3.957906984333565e-01,  2.063557163664919e-01,  9.255042466991679e-02,  8.034621363630736e-01,  1.077573071875309e-01, -1.789372875764548e-01,  4.830182709028830e-01,  5.204056203204502e-01,  1.047197556609303e+00, -2.579559874782496e-04, -1.032507412901396e-14,  5.497154731415322e-09
  1.120000000000000e+00,  1.069591865595568e-03, -3.957906984333557e-01,  2.063557163664881e-01,  9.255042466991975e-02,  8.034621363630736e-01,  1.077573071875314e-01, -1.789372875492135e-01,  4.830182708037132e-01,  5.204056203274041e-01,  1.047197556609306e+00, -2.579559764427165e-04,  8.659739592076221e-15,  5.460282170854924e-09
  1.130000000000000e+00,  1.069591865596351e-03, -3.957906984333558e-01,  2.063557163664879e-01,  9.255042466991961e-02,  8.034621363630752e-01,  1.077573071875317e-01, -1.789372848042175e-01,  4.830182608022259e-01,  5.204056210287005e-01,  1.047197556609309e+00, -2.579559832591811e-04,  5.107025913275721e-15,  5.427396310153654e-09
  1.140000000000000e+00,  1.069591865600269e-03, -3.957906984333549e-01,  2.063557163664823e-01,  9.255042466991126e-02,  8.034621363630741e-01,  1.077573071875300e-01, -1.789372847814686e-01,  4.830182607194585e-01,  5.204056210344992e-01,  1.047197556609331e+00, -2.579559854344205e-04, -5.551115123125783e-16,  5.397793712003107e-09
  1.150000000000000e+00,  1.069591865605084e-03, -3.957906984333556e-01,  2.063557163665063e-01,  9.255042466992498e-02,  8.034621363630747e-01,  1.077573071875319e-01, -1.789372847676687e-01,  4.830182606688417e-01,  5.204056210380086e-01,  1.047197556609257e+00, -2.579559753414118e-04,  1.154631945610163e-14,  5.373006650710722e-09
  1.160000000000000e+00,  1.069591865593328e-03, -3.957906984333510e-01,  2.063557163664479e-01,  9.255042466989984e-02,  8.034621363630755e-01,  1.077573071875356e-01, -1.789372887478284e-01,  4.830182751717423e-01,  5.204056200211289e-01,  1.047197556609440e+00, -2.579559817860187e-04, -1.376676550535194e-14,  5.354101273447043e-09
  1.170000000000000e+00,  1.069591865607435e-03, -3.957906984333554e-01,  2.063557163665192e-01,  9.255042466993353e-02,  8.034621363630754e-01,  1.077573071875360e-01, -1.789372847683392e-01,  4.830182606710280e-01,  5.204056210376077e-01,  1.047197556609228e+00, -2.579559837977586e-04,  2.098321516541546e-14,  5.341346032139427e-09
  1.180000000000000e+00,  1.069591865598366e-03, -3.957906984333555e-01,  2.063557163664773e-01,  9.255042466991176e-02,  8.034621363630748e-01,  1.077573071875337e-01, -1.789372847816861e-01,  4.830182607199928e-01,  5.204056210344931e-01,  1.047197556609352e+00, -2.579559917511146e-04, -8.881784197001252e-16,  5.334993113947917e-09
  1.190000000000000e+00,  1.069591865596911e-03, -3.957906984333560e-01,  2.063557163664727e-01,  9.255042466990873e-02,  8.034621363630745e-01,  1.077573071875306e-01, -1.789372904426285e-01,  4.830182813464032e-01,  5.204056195882376e-01,  1.047197556609373e+00, -2.579559815491801e-04, -4.218847493575595e-15,  5.335065889067181e-09
  1.200000000000000e+00,  1.069591865600830e-03, -3.957906984333567e-01,  2.063557163664984e-01,  9.255042466992291e-02,  8.034621363630760e-01,  1.077573071875311e-01, -1.789372819212956e-01,  4.830182502980744e-01,  5.204056217651500e-01,  1.047197556609282e+00, -2.579559791355199e-04, -6.661338147750939e-16,  5.342306652611484e-09
  1.210000000000000e+00,  1.069591854244582e-03, -3.957906984369876e-01,  2.063557163598473e-01,  9.255042466164065e-02,  8.034621363678204e-01,  1.077573071990899e-01, -1.789372852809034e-01,  4.830182625557089e-01,  5.204056209248624e-01,  1.047197556610337e+00, -2.579559738485406e-04, -1.684319350658825e-12,  5.311399986496212e-09
  1.220000000000000e+00,  1.069591865505785e-03, -3.957906984333825e-01,  2.063557163664617e-01,  9.255042466987023e-02,  8.034621363631418e-01,  1.077573071876938e-01, -1.789372874651842e-01,  4.830182704973542e-01,  5.204056203490351e-01,  1.047197556609297e+00, -2.579559782689439e-04, -1.343369859796439e-14,  7.642707466892773e-09
  1.230000000000000e+00,  1.069591828530644e-03, -3.957906984430797e-01,  2.063557163443518e-01,  9.255042464293164e-02,  8.034621363780561e-01,  1.077573072263021e-01, -1.789372844454365e-01,  4.830182595528873e-01,  5.204056211803317e-01,  1.047197556614502e+00, -2.579559671180175e-04, -4.322209257168197e-12,  7.354548081650591e-09
  1.240000000000000e+00,  1.069591865595455e-03, -3.957906984333553e-01,  2.063557163664641e-01,  9.255042466990565e-02,  8.034621363630747e-01,  1.077573071875318e-01, -1.789372887893739e-01,  4.830182753229464e-01,  5.204056200103538e-01,  1.047197556609377e+00, -2.579559856984073e-04, -3.219646771412954e-14,  9.930589961459901e-09
  1.250000000000000e+00,  1.069591865597582e-03, -3.957906984333537e-01,  2.063557163664608e-01,  9.255042466990086e-02,  8.034621363630752e-01,  1.077573071875310e-01, -1.789372847914944e-01,  4.830182607561710e-01,  5.204056210320819e-01,  1.047197556609389e+00, -2.579559910877613e-04, -1.754152378907747e-14,  1.003173583091765e-08
  1.260000000000000e+00,  1.069591865605196e-03, -3.957906984333560e-01,  2.063557163665072e-01,  9.255042466992289e-02,  8.034621363630733e-01,  1.077573071875312e-01, -1.789372888101718e-01,  4.830182753975070e-01,  5.204056200053854e-01,  1.047197556609258e+00, -2.579559777774179e-04,  2.375877272697835e-14,  1.014332445814503e-08
  1.270000000000000e+00,  1.069591865601277e-03, -3.957906984333561e-01,  2.063557163664915e-01,  9.255042466991735e-02,  8.034621363630734e-01,  1.077573071875312e-01, -1.789372851861506e-01,  4.830182621937840e-01,  5.204056209311071e-01,  1.047197556609301e+00, -2.579559809646897e-04,  9.992007221626409e-16,  1.025933377141186e-08
